2 0.5851282051282052 0.1723684210526316 0.021538461538461538 0.06578947368421052
18 0.9025641025641026 0.175 0.01641025641025641 0.060526315789473685
0 0.6046153846153847 0.175 0.019487179487179488 0.060526315789473685
18 0.622051282051282 0.1763157894736842 0.017435897435897435 0.05789473684210526
8 0.6358974358974359 0.1763157894736842 0.010256410256410256 0.06315789473684211
13 0.6497435897435897 0.1723684210526316 0.017435897435897435 0.05526315789473684
14 0.6697435897435897 0.175 0.020512820512820513 0.060526315789473685
3 0.6969230769230769 0.175 0.019487179487179488 0.060526315789473685
4 0.7169230769230769 0.175 0.01641025641025641 0.060526315789473685
15 0.7338461538461538 0.1763157894736842 0.017435897435897435 0.05789473684210526
14 0.7548717948717949 0.17368421052631577 0.020512820512820513 0.06315789473684211
18 0.7743589743589744 0.1763157894736842 0.01641025641025641 0.05789473684210526
8 0.7866666666666666 0.17763157894736842 0.010256410256410256 0.07105263157894737
19 0.8005128205128205 0.175 0.019487179487179488 0.060526315789473685
1 0.8246153846153846 0.175 0.01846153846153846 0.060526315789473685
14 0.8451282051282051 0.17368421052631577 0.01846153846153846 0.06842105263157895
13 0.8661538461538462 0.1723684210526316 0.019487179487179488 0.06578947368421052
20 0.8851282051282051 0.17368421052631577 0.01846153846153846 0.06842105263157895
27 0.6256410256410256 0.37105263157894736 0.057435897435897436 0.23684210526315788
26 0.7005128205128205 0.38026315789473686 0.07384615384615384 0.2394736842105263
26 0.7764102564102564 0.37894736842105264 0.07179487179487179 0.24210526315789474
20 0.6256410256410256 0.5763157894736842 0.026666666666666665 0.07368421052631578
12 0.7353846153846154 0.5776315789473684 0.03692307692307692 0.09210526315789473
24 0.7687179487179487 0.5763157894736842 0.027692307692307693 0.09473684210526316
17 0.7953846153846154 0.5789473684210527 0.029743589743589743 0.09473684210526316
28 0.8333333333333334 0.5723684210526315 0.027692307692307693 0.08157894736842106
26 0.857948717948718 0.5763157894736842 0.02564102564102564 0.08421052631578947
26 0.8835897435897436 0.575 0.02564102564102564 0.08157894736842106
6 0.6702564102564103 0.7736842105263158 0.027692307692307693 0.07368421052631578
8 0.7328205128205129 0.7710526315789473 0.011282051282051283 0.07368421052631578
13 0.7758974358974359 0.7710526315789473 0.02564102564102564 0.07894736842105263
